00210
00211
00212
00213
00214
00215
01004
01014
01021
01041
01059
01061
01090
01101
01102
01111
01114
01115
01116
01133
01138
01139
01152
01195
01202
01203
01227
01252
01263
01302
01369
01433
01441
01466
01470
01471
01472
01477
01508
01509
01517
01526
01538
01539
01546
01580
01582
01586
01587
01601
01613
01614
01615
01653
01654
01655
01703
01704
01705
01784
01805
01806
01807
01808
01812
01813
01814
01815
01822
01831
01842
01853
01865
01866
01885
01888
01889
01899
01903
01910
01931
01936
01947
01961
01964
01971
02018
02020
02027
02031
02040
02041
02044
02051
02055
02059
02060
02065
02070
02101
02102
02103
02104
02105
02106
02107
02112
02117
02123
02137
02146
02147
02153
02154
02156
02157
02158
02159
02160
02161
02162
02164
02165
02166
02167
02168
02172
02173
02174
02175
02177
02178
02179
02181
02185
02187
02192
02193
02194
02195
02196
02201
02202
02204
02206
02207
02208
02209
02211
02212
02216
02217
02222
02228
02238
02239
02241
02254
02258
02266
02269
02272
02277
02283
02284
02293
02295
02297
02298
02303
02304
02305
02327
02331
02334
02337
02340
02344
02345
02348
02349
02355
02358
02361
02362
02363
02381
02401
02402
02403
02404
02405
02411
02447
02454
02455
02456
02471
02475
02477
02479
02495
02499
02541
02552
02565
02573
02574
02634
02636
02661
02662
02712
02714
02722
02741
02742
02754
02761
02768
02783
02801
02854
02862
02877
02880
02883
02887
02901
02902
02940
03040
03041
03061
03073
03105
03107
03108
03111
03232
03247
03252
03265
03272
03274
03289
03298
03299
03302
03305
03306
03435
03468
03469
03587
03589
03606
03749
03756
03769
03772
03802
03803
03804
03805
03815
03821
03822
03843
03859
03866
03896
04004
04007
04013
04014
04016
04028
04033
04034
04053
04054
04058
04060
04067
04070
04075
04077
04078
04080
04081
04082
04094
04098
04104
04112
04116
04122
04123
04124
04211
04212
04223
04225
04230
04233
04235
04241
04243
04251
04262
04266
04273
04278
04279
04283
04288
04291
04332
04333
04336
04338
04361
04402
04420
04423
04433
04446
04458
04467
04482
04536
04549
04552
04565
04567
04608
04615
04618
04638
04656
04659
04661
04665
04672
04678
04690
04692
04738
04744
04749
04751
04759
04770
04775
04782
04784
04788
04846
04850
04857
04865
04903
04935
04954
04972
05044
05047
05049
05054
05074
05085
05144
05159
05302
05303
05304
05357
05402
05406
05407
05449
05451
05453
05460
05466
05469
05470
05479
05490
05501
05544
05601
05603
05604
05609
05620
05633
05662
05665
05671
05702
05741
05745
05750
05823
05838
05848
05849
05861
05863
06006
06011
06025
06028
06030
06034
06041
06045
06049
06050
06064
06075
06077
06083
06087
06094
06101
06102
06104
06115
06123
06126
06127
06128
06129
06131
06132
06133
06134
06137
06138
06140
06141
06142
06143
06144
06145
06146
06147
06150
06151
06152
06153
06154
06155
06156
06161
06167
06176
06180
06183
06199
06230
06233
06244
06245
06246
06251
06265
06267
06337
06349
06372
06383
06386
06388
06404
06408
06411
06430
06431
06432
06436
06440
06454
06466
06474
06487
06490
06491
06493
06494
06495
06497
06501
06502
06503
06504
06505
06506
06507
06508
06509
06520
06521
06530
06531
06532
06533
06534
06535
06536
06537
06538
06540
06601
06602
06650
06673
06699
06701
06703
06720
06721
06722
06723
06724
06725
06726
06749
06781
06792
06813
06814
06816
06817
06828
06829
06832
06836
06838
06842
06852
06857
06858
06859
06860
06875
06876
06879
06881
06888
06889
06904
06910
06911
06912
06913
06914
06920
06921
06922
06925
06926
06927
06928
00401
00501
00544
07007
07015
07019
07051
07061
07091
07096
07097
07098
07099
07101
07175
07182
07184
07188
07189
07191
07192
07193
07194
07195
07197
07198
07199
07207
07215
07216
07303
07308
07309
07390
07395
07399
07428
07451
07474
07477
07498
07507
07509
07510
07511
07530
07533
07538
07543
07544
07602
07653
07688
07699
07709
07710
07715
07752
07754
07763
07765
07777
07799
07802
07806
07829
07837
07839
07845
07855
07875
07877
07879
07890
07902
07938
07962
07963
07978
07983
07999
08018
08025
08076
08099
08100
08101
08213
08214
08218
08219
08220
08222
08227
08231
08233
08250
08252
08313
08315
08342
08347
08358
08362
08370
08400
08404
08405
08411
08504
08526
08541
08543
08556
08557
08570
08601
08602
08603
08604
08605
08606
08607
08625
08645
08646
08647
08650
08666
08677
08695
08739
08754
08756
08803
08818
08834
08855
08862
08868
08870
08871
08875
08877
08878
08885
08888
08896
08899
08903
08905
08906
08922
08933
08988
08989
10000
10008
10015
10041
10043
10045
10046
10047
10048
10055
10060
10072
10079
10080
10081
10082
10087
10090
10094
10095
10096
10098
10099
10101
10102
10104
10105
10106
10107
10108
10109
10113
10114
10116
10117
10118
10120
10121
10122
10123
10124
10125
10126
10129
10130
10131
10132
10133
10138
10149
10150
10151
10155
10156
10157
10158
10159
10160
10161
10163
10164
10166
10175
10176
10178
10179
10184
10185
10196
10197
10203
10211
10212
10213
10242
10249
10256
10257
10258
10259
10260
10261
10265
10268
10269
10270
10272
10273
10274
10275
10276
10277
10281
10285
10286
10292
10313
10400
10499
10521
10551
10557
10558
10559
10571
10572
10581
10587
10592
10602
10610
10625
10629
10633
10650
10702
10802
10912
10943
10949
10951
10959
10981
10982
10995
10997
11002
11022
11025
11026
11027
11041
11043
11044
11051
11052
11053
11054
11055
11099
11120
11202
11240
11241
11242
11243
11244
11245
11247
11248
11251
11252
11254
11255
11256
11352
11353
11380
11381
11386
11388
11390
11402
11405
11406
11407
11408
11410
11431
11440
11441
11446
11447
11450
11452
11460
11470
11472
11474
11476
11478
11480
11482
11484
11486
11488
11499
11531
11535
11536
11551
11555
11564
11571
11582
11583
11588
11592
11593
11594
11595
11597
11599
11690
11695
11696
11707
11708
11736
11737
11745
11750
11760
11773
11774
11775
11802
11805
11815
11819
11853
11854
11855
11969
12016
12026
12050
12055
12073
12107
12111
12113
12128
12133
12135
12141
12162
12163
12179
12181
12201
12212
12214
12220
12223
12224
12225
12227
12228
12229
12230
12231
12232
12233
12234
12235
12236
12237
12238
12239
12240
12241
12242
12243
12244
12245
12246
12247
12248
12249
12250
12252
12255
12256
12257
12260
12261
12262
12288
12301
12325
12345
12402
12415
12506
12510
12511
12537
12541
12551
12552
12555
12568
12584
12588
12593
12600
12602
12727
12739
12753
12782
12826
12848
12879
12938
12949
12968
12994
12995
13022
13043
13050
13055
13056
13085
13089
13093
13094
13107
13125
13129
13130
13133
13137
13139
13150
13151
13201
13217
13218
13220
13221
13225
13235
13250
13251
13252
13260
13261
13336
13401
13419
13426
13434
13442
13449
13465
13466
13479
13503
13504
13505
13599
13609
13610
13627
13631
13657
13671
13688
13698
13737
13745
13749
13758
13761
13762
13763
13837
13840
13848
13851
14003
14010
14021
14038
14095
14107
14110
14133
14140
14144
14151
14205
14231
14233
14240
14241
14263
14264
14265
14266
14267
14269
14270
14271
14272
14273
14276
14280
14410
14413
14429
14430
14442
14443
14444
14449
14452
14461
14474
14488
14508
14518
14520
14538
14547
14554
14558
14563
14584
14600
14601
14602
14603
14638
14639
14643
14644
14645
14646
14647
14649
14650
14651
14652
14653
14660
14664
14673
14683
14692
14694
14702
14703
14704
14730
14745
14749
14751
14758
14759
14766
14776
14786
14831
14844
14851
14852
14857
14863
14868
14876
14887
14888
14896
14902
14925
14975
16918
16945
17001
17008
17012
17031
17085
17089
17091
17105
17106
17107
17108
17121
17122
17123
17124
17125
17126
17127
17128
17129
17130
17140
17177
17218
17231
17270
17294
17310
17312
17326
17332
17333
17334
17337
17346
17354
17358
17375
17405
17415
17503
17521
17528
17533
17537
17549
17564
17567
17573
17575
17577
17580
17583
17585
17604
17605
17607
17608
17611
17622
17699
17703
17705
17722
17735
17743
17759
17770
17825
17828
17831
17833
17839
17843
17877
17882
17883
17927
17932
17939
17942
17966
18001
18002
18003
18010
18025
18039
18043
18044
18050
18060
18084
18098
18099
18175
18243
18247
18320
18341
18348
18373
18401
18410
18416
18448
18449
18501
18502
18514
18515
18522
18540
18577
18601
18611
18637
18654
18690
18703
18710
18711
18761
18762
18763
18764
18765
18766
18767
18768
18769
18773
18774
18813
18815
18827
18839
18910
18911
18916
18918
18922
18924
18926
18928
18931
18934
18943
18949
18953
18956
18957
18958
18963
18968
18971
18979
18981
18991
19016
19019
19028
19037
19039
19048
19049
19058
19059
19065
19080
19088
19089
19091
19092
19093
19098
19099
19101
19105
19110
19117
19155
19160
19161
19162
19170
19171
19172
19173
19175
19176
19177
19178
19179
19181
19182
19183
19184
19185
19187
19188
19190
19191
19192
19193
19194
19195
19196
19197
19244
19255
19318
19331
19339
19340
19346
19347
19351
19353
19354
19357
19360
19366
19370
19371
19376
19381
19388
19395
19397
19398
19399
19404
19407
19408
19409
19415
19420
19421
19423
19424
19429
19430
19432
19441
19443
19450
19451
19452
19455
19470
19478
19480
19481
19482
19483
19484
19485
19486
19487
19488
19489
19493
19494
19495
19496
19517
19542
19548
19557
19603
19612
19640
19708
19712
19714
19715
19718
19721
19725
19726
19850
19880
19884
19885
19886
19887
19889
19890
19891
19892
19893
19894
19895
19896
19897
19898
19899
19903
19905
19906
19942
19961
19969
20013
20022
20023
20026
20027
20029
20030
20033
20035
20038
20039
20040
20041
20042
20043
20044
20046
20047
20048
20049
20050
20051
20055
20056
20058
20060
20061
20062
20063
20065
20066
20067
20068
20069
20070
20071
20073
20074
20075
20076
20077
20078
20080
20081
20082
20084
20088
20090
20091
20097
20098
20099
20201
20203
20205
20206
20207
20208
20209
20210
20211
20212
20213
20214
20215
20216
20217
20218
20219
20221
20222
20223
20224
20226
20227
20229
20231
20232
20233
20235
20237
20238
20239
20241
20242
20244
20251
20254
20261
20262
20265
20266
20268
20270
20277
20289
20292
20299
20301
20303
20306
20307
20310
20314
20315
20318
20330
20331
20332
20335
20336
20337
20338
20340
20350
20355
20370
20372
20374
20375
20376
20380
20389
20391
20392
20393
20394
20395
20396
20397
20398
20401
20402
20403
20404
20406
20407
20409
20410
20411
20412
20413
20414
20416
20419
20420
20421
20423
20424
20425
20426
20428
20429
20430
20433
20434
20435
20436
20437
20439
20440
20441
20442
20444
20447
20451
20453
20456
20460
20463
20468
20469
20470
20472
20500
20501
20502
20503
20504
20505
20507
20508
20509
20511
20521
20522
20523
20524
20525
20526
20527
20528
20529
20531
20532
20533
20534
20536
20537
20538
20539
20541
20543
20544
20546
20547
20548
20549
20550
20552
20554
20555
20557
20558
20559
20570
20571
20572
20573
20575
20576
20577
20578
20579
20580
20581
20585
20586
20590
20594
20595
20597
20599
20604
20610
20627
20635
20643
20682
20697
20703
20704
20709
20717
20718
20719
20725
20726
20731
20738
20741
20749
20750
20752
20753
20757
20768
20773
20775
20780
20787
20788
20789
20790
20791
20792
20797
20799
20800
20810
20811
20813
20824
20825
20827
20830
20847
20848
20849
20857
20859
20875
20883
20884
20885
20890
20891
20897
20898
20900
20907
20908
20911
20913
20914
20915
20916
20918
20990
20993
20997
21018
21020
21021
21022
21024
21027
21041
21055
21062
21065
21080
21088
21092
21094
21098
21101
21106
21107
21123
21139
21150
21203
21235
21241
21260
21263
21264
21265
21268
21270
21273
21274
21275
21276
21278
21279
21280
21281
21282
21283
21284
21288
21289
21290
21297
21298
21404
21411
21412
21501
21503
21504
21505
21528
21546
21556
21606
21609
21637
21646
21656
21670
21681
21682
21683
21684
21685
21686
21687
21688
21690
21709
21720
21721
21725
21735
21736
21741
21747
21748
21749
21759
21764
21765
21775
21792
21803
21816
21820
21836
21843
21852
21857
21868
21870
21922
56901
56915
56920
56933
56944
56972
00604
00605
00613
00614
00681
00721
00726
00732
00733
00734
00737
00742
00744
00785
00792
00803
00804
00805
00821
00822
00902
00908
00910
00914
00916
00919
00922
00928
00929
00930
00931
00933
00935
00937
00939
00940
00954
00955
00958
00963
00970
00975
00977
00978
00981
00984
00986
00988
88901
88902
88903
88904
88905
89006
89009
89016
89023
89024
89028
89033
89036
89037
89041
89053
89067
89077
89087
89095
89105
89111
89112
89114
89116
89125
89126
89127
89132
89133
89136
89137
89140
89150
89151
89152
89153
89154
89155
89157
89159
89160
89162
89163
89164
89165
89170
89173
89177
89180
89185
89193
89195
89199
89407
89416
89432
89435
89452
89494
89504
89505
89507
89513
89515
89520
89533
89550
89555
89564
89570
89595
89599
89710
89711
89712
89713
89714
89721
89802
89803
89824
15029
15032
15036
15069
15091
15095
15096
15127
15130
15134
15189
15230
15231
15240
15242
15244
15250
15251
15252
15253
15254
15255
15257
15258
15259
15261
15262
15263
15264
15265
15266
15267
15268
15270
15272
15274
15276
15277
15278
15279
15281
15283
15285
15286
15289
15295
15336
15339
15354
15356
15415
15439
15485
15548
15549
15553
15605
15606
15630
15664
15685
15740
15751
15758
15822
15907
15915
15959
16003
16016
16017
16018
16021
16039
16058
16103
16107
16108
16215
16216
16221
16225
16234
16257
16261
16366
16367
16368
16369
16375
16388
16413
16432
16512
16514
16515
16522
16530
16531
16532
16533
16534
16538
16541
16544
16553
16554
16558
16565
16603
16614
16629
16644
16660
16663
16681
16698
16751
16804
16805
16850
16873
17726
17734
17738
17767
17773
24710
24732
24751
24810
24819
24820
24821
24824
24825
24829
24832
24841
24842
24852
24856
24859
24877
24883
24886
24889
24896
24897
24899
24902
24917
24919
24923
24928
24936
24942
24950
24958
24961
24973
24980
25004
25010
25013
25014
25018
25026
25034
25046
25052
25079
25095
25105
25120
25122
25131
25135
25147
25150
25158
25163
25172
25182
25189
25237
25246
25249
25250
25255
25256
25258
25272
25274
25279
25280
25281
25283
25317
25321
25322
25323
25324
25325
25326
25327
25328
25329
25330
25331
25332
25333
25334
25335
25336
25337
25338
25339
25350
25356
25357
25358
25360
25361
25362
25364
25365
25375
25389
25392
25396
25402
25410
25423
25429
25440
25441
25519
25546
25562
25563
25568
25569
25572
25614
25620
25623
25631
25636
25643
25645
25648
25665
25682
25686
25687
25691
25693
25694
25697
25706
25707
25708
25709
25710
25711
25712
25713
25714
25715
25716
25717
25718
25719
25720
25721
25722
25723
25724
25725
25726
25727
25728
25729
25770
25771
25772
25773
25774
25775
25776
25777
25778
25779
25802
25814
25816
25828
25833
25847
25856
25859
25860
25867
25874
25910
25912
25914
25919
25926
25927
25931
25934
25961
25965
25967
25973
25988
26102
26103
26106
26120
26121
26135
26145
26153
26173
26179
26185
26186
26207
26214
26219
26229
26290
26299
26302
26306
26322
26328
26332
26334
26344
26350
26360
26367
26375
26383
26407
26409
26423
26434
26439
26446
26461
26462
26502
26503
26504
26507
26522
26527
26529
26531
26533
26535
26555
26561
26566
26578
26589
26612
26618
26620
26626
26633
26634
26639
26641
26674
26675
26683
26713
26729
26734
26765
26769
26806
26811
26813
26816
26824
43441
43550
43552
43601
43602
43603
43618
43624
43635
43652
43653
43654
43655
43656
43657
43659
43660
43661
43666
43667
43681
43682
43697
43699
44005
44033
44036
44061
44073
44088
44096
44097
44177
44178
44179
44181
44184
44185
44186
44188
44189
44190
44191
44192
44193
44194
44195
44197
44198
44199
44210
44211
44222
44237
44238
44242
44258
44282
44309
44315
44316
44317
44322
44326
44328
44329
44331
44334
44372
44393
44396
44397
44398
44399
44416
44422
44453
44482
44486
44487
44488
44501
44513
44598
44599
44636
44648
44650
44701
44711
44712
44735
44750
44760
44767
44798
44799
44801
44803
44845
44871
44888
45802
45837
45839
20101
20102
20103
20104
20107
20108
20113
20116
20122
20128
20131
20134
20138
20140
20142
20146
20149
20153
20156
20159
20160
20163
20167
20168
20172
20177
20178
20182
20185
20188
20189
20192
20193
20195
20196
20199
22001
22002
22009
22010
22011
22012
22013
22014
22016
22017
22018
22019
22020
22021
22022
22024
22034
22036
22037
22038
22040
22047
22065
22067
22068
22069
22070
22071
22075
22078
22080
22081
22082
22090
22091
22092
22093
22094
22095
22096
22103
22106
22107
22108
22109
22110
22111
22115
22116
22117
22118
22119
22120
22121
22122
22123
22128
22129
22130
22131
22132
22135
22140
22141
22156
22158
22159
22160
22161
22170
22171
22176
22183
22184
22186
22190
22194
22195
22199
22210
22212
22215
22216
22217
22218
22219
22222
22223
22225
22226
22227
22229
22230
22234
22240
22241
22242
22243
22244
22245
22246
22313
22320
22321
22331
22332
22333
22334
22336
22350
22402
22403
22404
22412
22421
22428
22430
22439
22442
22446
22451
22456
22461
22463
22471
22481
22501
22507
22513
22517
22523
22524
22526
22528
22544
22545
22547
22549
22552
22555
22558
22559
22565
22568
22570
22577
22581
22604
22622
22626
22638
22649
22651
22721
22739
22748
22803
22833
22848
22905
22906
22907
22909
22910
22924
22929
22945
22951
22953
22954
22965
22987
23001
23003
23013
23014
23016
23017
23018
23020
23029
23031
23037
23042
23054
23058
23067
23080
23090
23101
23105
23107
23118
23122
23127
23131
23137
23154
23155
23162
23170
23178
23179
23183
23184
23186
23190
23191
23201
23202
23203
23204
23205
23206
23207
23208
23209
23210
23211
23212
23213
23214
23215
23216
23217
23218
23232
23240
23241
23242
23249
23255
23260
23261
23266
23269
23270
23272
23273
23274
23275
23276
23277
23278
23279
23280
23282
23285
23286
23288
23289
23290
23291
23292
23293
23295
23297
23326
23327
23328
23341
23345
23396
23397
23399
23403
23404
23412
23419
23424
23429
23431
23439
23443
23450
23458
23463
23465
23466
23467
23468
23471
23479
23481
23482
23483
23484
23500
23501
23506
23512
23514
23515
23519
23520
23521
23529
23530
23541
23600
23609
23612
23628
23630
23631
23653
23670
23694
23705
23804
23822
23825
23859
23873
23911
23935
23939
23941
24000
24001
24002
24003
24004
24005
24006
24007
24008
24009
24010
24023
24024
24025
24026
24027
24028
24029
24030
24031
24032
24033
24034
24035
24036
24037
24038
24040
24042
24043
24044
24045
24048
24050
24062
24063
24068
24094
24111
24113
24114
24115
24126
24143
24146
24155
24156
24157
24177
24178
24203
24209
24212
24215
24218
24249
24285
24289
24373
24379
24402
24407
24438
24444
24463
24468
24475
24505
24506
24512
24513
24514
24533
24535
24543
24544
24576
24585
24596
24608
24618
24619
24624
24627
24640
24647
24658
27008
27010
27031
27049
27094
27098
27099
27102
27108
27111
27113
27114
27115
27116
27117
27120
27130
27150
27151
27152
27155
27156
27157
27198
27199
27204
27216
27220
27228
27230
27237
27251
27261
27264
27285
27289
27293
27294
27321
27322
27323
27331
27359
27361
27373
27375
27395
27402
27404
27413
27415
27416
27417
27419
27420
27425
27427
27429
27435
27438
27480
27495
27497
27498
27499
27512
27515
27528
27532
27543
27552
27564
27586
27588
27602
27611
27619
27620
27621
27622
27623
27624
27625
27626
27627
27628
27629
27634
27635
27636
27640
27650
27656
27658
27661
27668
27675
27676
27690
27698
27699
27702
27706
27710
27711
27715
27717
27722
27802
27811
27833
27835
27836
27838
27848
27854
27859
27867
27868
27887
27894
27895
27906
27907
27930
28002
28010
28026
28035
28038
28051
28053
28055
28070
28082
28093
28106
28111
28123
28126
28130
28145
28151
28201
28218
28219
28220
28221
28222
28224
28225
28228
28229
28230
28231
28232
28233
28234
28235
28236
28237
28240
28241
28242
28243
28245
28246
28247
28250
28253
28254
28255
28256
28258
28260
28261
28263
28265
28266
28271
28272
28275
28281
28283
28284
28285
28286
28287
28288
28289
28290
28294
28296
28297
28299
28302
28309
28319
28324
28329
28335
28353
28361
28370
28380
28388
28397
28402
28404
28406
28407
28408
28410
28446
28459
28471
28502
28503
28522
28541
28545
28561
28563
28564
28603
28608
28614
28633
28648
28656
28661
28674
28680
28686
28687
28688
28691
28695
28696
28699
28703
28724
28727
28728
28737
28738
28744
28750
28760
28765
28776
28780
28784
28793
28802
28810
28813
28814
28815
28816
28903
32004
32006
32007
32030
32035
32041
32042
32050
32056
32067
32085
32099
32105
32111
32115
32116
32120
32121
32122
32123
32125
32126
32135
32138
32142
32149
32151
32158
32160
32170
32173
32175
32178
32183
32185
32198
32201
32215
32229
32230
32231
32232
32235
32236
32237
32238
32239
32240
32241
32245
32247
32255
32260
32267
32290
32294
32296
32297
32302
32314
32315
32316
32318
32326
32329
32335
32341
32345
32353
32357
32362
32395
32402
32406
32411
32412
32417
32422
32434
32452
32453
32454
32457
32513
32516
32520
32521
32522
32523
32524
32537
32538
32540
32549
32559
32560
32562
32572
32573
32574
32575
32576
32581
32582
32588
32589
32590
32591
32592
32593
32594
32595
32596
32597
32598
32602
32604
32611
32613
32614
32627
32633
32635
32644
32654
32655
32662
32663
32704
32706
32710
32715
32716
32717
32718
32719
32721
32722
32727
32728
32733
32739
32745
32747
32752
32753
32756
32762
32772
32774
32777
32781
32782
32783
32790
32791
32793
32794
32795
32799
32802
32813
32815
32834
32853
32854
32855
32856
32857
32858
32859
32860
32861
32862
32867
32868
32869
32872
32877
32878
32885
32886
32887
32889
32890
32891
32893
32896
32897
32898
32902
32906
32910
32911
32912
32919
32923
32924
32932
32936
32941
32954
32956
32957
32961
32964
32965
32969
32971
32978
33002
33008
33011
33017
33041
33045
33052
33061
33072
33074
33075
33077
33081
33082
33083
33084
33090
33092
33093
33097
33102
33107
33110
33111
33112
33114
33116
33119
33121
33124
33148
33151
33152
33153
33159
33163
33164
33188
33192
33195
33197
33199
33222
33231
33233
33234
33238
33239
33242
33243
33245
33247
33255
33256
33257
33261
33265
33266
33269
33280
33283
33296
33299
33302
33303
33307
33310
33318
33320
33329
33335
33336
33337
33338
33339
33340
33345
33346
33348
33349
33355
33359
33394
33402
33416
33419
33420
33421
33422
33424
33425
33427
33429
33439
33443
33447
33448
33454
33459
33464
33465
33466
33468
33474
33475
33481
33482
33488
33491
33497
33499
33504
33508
33509
33524
33526
33537
33539
33564
33568
33571
33575
33583
33586
33587
33593
33595
33601
33608
33622
33623
33630
33631
33633
33646
33650
33651
33655
33660
33661
33662
33663
33664
33672
33673
33674
33675
33677
33679
33680
33681
33682
33684
33685
33686
33687
33688
33689
33690
33694
33695
33697
33728
33729
33730
33731
33732
33733
33734
33736
33737
33738
33739
33740
33741
33742
33743
33747
33757
33758
33766
33769
33775
33779
33780
33784
33802
33804
33806
33807
33820
33821
33826
33831
33836
33842
33845
33846
33862
33863
33864
33871
33882
33883
33885
33888
33900
33902
33906
33910
33911
33915
33918
33923
33925
33926
33927
33929
33932
33933
33934
33937
33938
33939
33940
33941
33942
33943
33949
33951
33959
33961
33962
33963
33964
33969
33970
33975
33994
33999
34106
34107
34133
34136
34143
34146
34204
34206
34218
34220
34230
34260
34264
34265
34270
34272
34274
34276
34277
34278
34280
34281
34282
34284
34290
34295
34421
34423
34430
34447
34451
34460
34464
34477
34478
34483
34489
34492
34603
34605
34611
34615
34616
34617
34618
34619
34620
34621
34622
34623
34624
34625
34629
34630
34634
34635
34636
34640
34641
34642
34643
34644
34645
34646
34647
34648
34649
34656
34660
34664
34665
34666
34673
34674
34680
34682
34692
34697
34712
34713
34740
34742
34745
34749
34755
34770
34777
34778
34789
34948
34954
34958
34973
34979
34985
34988
34991
34992
34995
29002
29017
29021
29041
29071
29076
29077
29106
29116
29124
29131
29132
29143
29151
29171
29176
29183
29211
29214
29215
29216
29217
29218
29219
29220
29221
29222
29224
29226
29227
29228
29230
29240
29250
29260
29290
29292
29304
29305
29318
29319
29336
29342
29348
29386
29390
29391
29395
29402
29408
29411
29413
29415
29416
29417
29419
29422
29430
29433
29442
29447
29457
29465
29476
29484
29502
29503
29504
29528
29542
29551
29573
29578
29587
29595
29597
29598
29602
29603
29604
29606
29608
29610
29612
29616
29622
29623
29632
29633
29636
29641
29647
29648
29652
29656
29675
29677
29679
29688
29695
29698
29703
29716
29719
29721
29722
29731
29734
29744
29802
29804
29808
29813
29814
29822
29839
29846
29861
29901
29903
29913
29914
29925
29931
29933
29938
35011
35015
35021
35038
35041
35048
35056
35123
35137
35142
35144
35161
35182
35201
35202
35219
35220
35225
35230
35231
35232
35236
35237
35238
35240
35245
35246
35253
35255
35256
35259
35260
35261
35263
35266
35275
35277
35278
35279
35280
35281
35282
35283
35285
35286
35287
35288
35289
35290
35291
35292
35293
35294
35295
35296
35297
35298
35299
35402
35403
35407
35440
35448
35449
35468
35471
35478
35482
35485
35486
35502
35551
35560
35602
35609
35612
35617
35631
35662
35699
35742
35762
35767
35804
35807
35809
35812
35813
35814
35815
35893
35894
35895
35897
35898
35899
35902
35964
35999
36004
36015
36023
36045
36061
36062
36065
36068
36072
36087
36102
36103
36118
36119
36120
36121
36123
36124
36125
36131
36132
36133
36134
36135
36136
36140
36141
36142
36177
36191
36192
36193
36194
36195
36196
36197
36198
36199
36202
36204
36210
36253
36254
36257
36261
36270
36275
36302
36304
36331
36349
36361
36419
36427
36429
36431
36449
36457
36458
36461
36462
36469
36501
36504
36510
36515
36533
36536
36570
36577
36586
36601
36614
36621
36622
36623
36624
36625
36626
36628
36630
36631
36633
36640
36641
36644
36660
36670
36671
36675
36685
36689
36690
36691
36702
36721
36731
36745
36747
36760
36762
36771
36778
36779
36802
36803
36831
36868
36872
36903
36906
36911
37011
37024
37041
37044
37054
37056
37063
37065
37068
37070
37071
37077
37088
37089
37111
37116
37119
37121
37131
37133
37136
37147
37152
37155
37161
37162
37202
37222
37224
37227
37229
37230
37234
37235
37236
37237
37239
37241
37242
37244
37245
37247
37248
37249
37250
37304
37314
37320
37346
37349
37358
37364
37371
37372
37378
37382
37384
37389
37395
37401
37414
37422
37424
37499
37501
37544
37602
37603
37605
37621
37625
37644
37662
37669
37684
37699
37707
37717
37744
37773
37778
37802
37815
37816
37822
37824
37831
37842
37864
37867
37868
37883
37893
37901
37927
37928
37930
37933
37939
37940
37950
37955
37990
37995
37996
37997
37998
37999
38010
38014
38025
38027
38033
38043
38045
38048
38055
38056
38071
38074
38083
38088
38101
38110
38124
38129
38130
38136
38137
38140
38142
38143
38145
38146
38147
38148
38150
38151
38157
38159
38161
38163
38165
38166
38167
38168
38173
38174
38175
38177
38181
38182
38183
38184
38186
38187
38188
38190
38193
38194
38195
38197
38223
38227
38238
38271
38281
38302
38303
38308
38314
38324
38331
38336
38346
38377
38378
38393
38402
38502
38557
38602
38609
38628
38634
38638
38648
38649
38657
38662
38669
38675
38679
38686
38739
38755
38758
38763
38775
38779
38780
38782
38802
38803
38820
38825
38835
38854
38874
38875
38877
38880
38902
38912
38926
38935
38955
38959
38960
39043
39049
39055
39060
39072
39077
39080
39081
39087
39098
39107
39109
39112
39121
39122
39130
39151
39158
39161
39163
39165
39171
39172
39181
39182
39190
39200
39205
39207
39215
39225
39235
39236
39250
39271
39282
39283
39284
39286
39288
39289
39296
39298
39302
39303
39304
39400
39403
39404
39407
39436
39441
39442
39457
39460
39463
39500
39502
39505
39506
39521
39522
39533
39535
39552
39555
39558
39566
39568
39569
39602
39603
39632
39649
39703
39704
39710
39738
39754
39757
30001
30003
30006
30007
30010
30015
30020
30023
30026
30027
30029
30031
30036
30037
30042
30048
30049
30050
30051
30057
30059
30061
30063
30065
30069
30073
30074
30077
30081
30085
30086
30089
30091
30095
30098
30099
30109
30112
30119
30123
30128
30129
30130
30131
30133
30136
30138
30140
30142
30146
30150
30151
30154
30155
30156
30158
30160
30162
30163
30169
30172
30174
30195
30198
30199
30201
30202
30203
30207
30208
30209
30210
30211
30212
30219
30221
30226
30227
30232
30235
30237
30239
30243
30244
30245
30246
30247
30249
30254
30255
30261
30262
30264
30266
30267
30270
30271
30278
30279
30287
30298
30301
30302
30304
30320
30321
30323
30325
30330
30333
30343
30347
30348
30351
30352
30353
30355
30356
30357
30358
30359
30361
30362
30364
30365
30366
30368
30369
30370
30371
30374
30375
30376
30377
30378
30379
30380
30381
30383
30384
30385
30386
30387
30388
30389
30390
30392
30394
30396
30398
30399
30424
30447
30459
30466
30499
30502
30503
30505
30514
30515
30544
30580
30596
30599
30603
30604
30608
30610
30612
30613
30638
30645
30647
30671
30703
30719
30722
30732
30806
30811
30819
30910
30911
30913
30914
30916
30917
30919
30999
31010
31013
31026
31040
31059
31073
31086
31095
31099
31106
31107
31119
31120
31126
31131
31132
31136
31139
31141
31145
31146
31150
31156
31160
31165
31170
31175
31180
31185
31190
31191
31192
31193
31195
31196
31197
31198
31199
31202
31203
31205
31208
31209
31212
31221
31294
31295
31296
31297
31298
31299
31310
31319
31332
31402
31403
31412
31414
31416
31418
31420
31422
31498
31499
31502
31515
31521
31534
31598
31603
31604
31646
31702
31703
31706
31708
31710
31713
31715
31717
31718
31723
31724
31725
31726
31728
31729
31732
31734
31736
31737
31739
31740
31741
31742
31745
31746
31751
31752
31754
31758
31759
31760
31761
31762
31766
31767
31769
31770
31776
31777
31782
31785
31786
31797
31799
31900
31902
31908
31914
31917
31993
31994
31995
31997
31998
31999
39818
39829
39852
39901
40017
40018
40027
40028
40032
40066
40106
40114
40129
40153
40159
40164
40201
40224
40225
40232
40233
40250
40251
40252
40253
40255
40256
40257
40259
40261
40266
40268
40269
40270
40281
40282
40283
40285
40287
40289
40290
40292
40293
40294
40295
40296
40297
40298
40309
40317
40319
40320
40327
40329
40340
40341
40345
40362
40365
40366
40384
40386
40392
40405
40410
40415
40417
40420
40421
40423
40426
40430
40435
40441
40446
40452
40465
40467
40471
40473
40476
40488
40492
40494
40495
40501
40512
40522
40523
40524
40533
40544
40546
40550
40555
40574
40575
40576
40577
40578
40579
40580
40581
40582
40583
40584
40585
40586
40587
40588
40589
40590
40591
40592
40593
40594
40595
40596
40598
40602
40603
40618
40619
40620
40621
40622
40702
40724
40730
40742
40745
40746
40747
40748
40751
40754
40755
40825
40846
40861
40867
40911
40917
40930
40931
40932
40936
40944
40951
40955
40970
40978
40999
41009
41012
41019
41022
41037
41053
41054
41061
41065
41072
41081
41096
41105
41114
41125
41127
41128
41131
41137
41150
41156
41160
41163
41170
41173
41177
41211
41215
41220
41225
41228
41237
41258
41261
41266
41269
41306
41307
41313
41315
41321
41323
41327
41328
41331
41333
41338
41340
41342
41343
41344
41346
41347
41357
41358
41362
41363
41368
41369
41370
41377
41378
41396
41406
41407
41409
41410
41412
41413
41417
41419
41422
41426
41427
41433
41441
41443
41444
41447
41451
41452
41456
41457
41459
41466
41467
41474
41477
41502
41520
41529
41536
41542
41545
41546
41549
41550
41551
41561
41565
41569
41570
41614
41626
41627
41629
41633
41637
41639
41641
41668
41702
41710
41720
41728
41730
41732
41733
41736
41743
41747
41756
41765
41771
41801
41805
41811
41823
41829
41901
41902
41903
41904
41905
41906
42002
42026
42033
42046
42059
42063
42070
42084
42128
42135
42142
42150
42152
42155
42169
42201
42203
42209
42216
42219
42221
42235
42241
42250
42251
42257
42263
42267
42268
42270
42283
42284
42287
42288
42302
42304
42334
42358
42364
42365
42373
42375
42377
42402
42403
42419
42457
42460
42502
42532
42536
42554
42555
42558
42563
42564
42601
42607
42611
42613
42618
42632
42640
42643
42648
42655
42702
42711
42714
42719
42720
42723
42730
42731
42735
42736
42752
42755
42761
42763
42766
42768
42772
42779
42780
42781
42783
42785
42786
43041
43048
43057
43058
43069
43073
43083
43086
43093
43098
43099
43163
43195
43196
43198
43199
43216
43226
43234
43236
43251
43260
43265
43266
43268
43270
43271
43272
43279
43284
43287
43291
43299
43301
43305
43306
43307
43335
43349
43702
43752
43757
43770
43789
43803
43828
43916
43937
43941
43960
43966
43984
43989
44492
44617
44631
44679
44848
44860
44862
44999
45004
45012
45018
45020
45023
45025
45026
45043
45061
45063
45071
45073
45099
45110
45114
45138
45145
45165
45201
45210
45221
45222
45228
45234
45235
45250
45253
45254
45258
45262
45263
45264
45268
45269
45270
45271
45273
45274
45275
45277
45280
45296
45298
45299
45329
45343
45367
45374
45401
45407
45408
45412
45413
45418
45422
45427
45437
45441
45444
45448
45454
45463
45470
45475
45479
45481
45482
45490
45633
45643
45670
45675
45683
45687
45712
45713
45717
45730
45777
45781
45944
45950
45999
46014
46015
46018
46046
46061
46067
46082
46085
46114
46129
46187
46207
46209
46211
46223
46230
46242
46244
46247
46249
46251
46253
46255
46262
46266
46274
46275
46277
46282
46283
46285
46291
46295
46296
46298
46308
46325
46352
46355
46361
46372
46380
46384
46399
46401
46411
46515
46527
46546
46566
46581
46604
46612
46620
46626
46629
46634
46660
46680
46699
46713
46720
46744
46769
46780
46782
46801
46850
46851
46852
46853
46854
46855
46856
46857
46858
46859
46860
46861
46862
46863
46864
46865
46866
46867
46868
46869
46885
46895
46896
46897
46898
46899
46903
46904
46912
46916
46921
46925
46935
46942
46944
46977
46983
46995
47019
47039
47107
47131
47132
47133
47134
47139
47144
47146
47151
47190
47199
47202
47222
47228
47245
47249
47261
47262
47307
47308
47322
47375
47402
47407
47426
47430
47439
47463
47490
47530
47545
47547
47549
47555
47556
47587
47614
47617
47618
47629
47647
47671
47701
47702
47703
47704
47705
47706
47716
47719
47721
47722
47724
47727
47728
47730
47731
47732
47733
47734
47735
47736
47737
47739
47740
47741
47744
47747
47750
47801
47808
47811
47812
47813
47814
47830
47852
47856
47864
47877
47878
47902
47903
47934
47935
47936
47937
47938
47939
47962
47976
47984
47985
47988
47996
48004
48007
48012
48037
48046
48061
48068
48086
48090
48099
48102
48106
48107
48110
48112
48113
48115
48121
48123
48136
48151
48153
48175
48222
48231
48232
48244
48254
48255
48258
48260
48264
48265
48266
48267
48268
48269
48272
48274
48275
48277
48278
48279
48288
48295
48297
48299
48303
48308
48311
48318
48321
48325
48330
48332
48333
48343
48347
48361
48366
48376
48387
48391
48398
48480
48501
48531
48550
48552
48555
48556
48557
48559
48605
48606
48608
48641
48663
48670
48674
48686
48707
48736
48753
48758
48764
48769
48787
48802
48804
48805
48812
48826
48830
48833
48844
48863
48882
48887
48900
48901
48907
48908
48909
48913
48916
48918
48919
48921
48922
48924
48929
48930
48937
48950
48951
48956
48980
49003
49005
49016
49018
49019
49020
49023
49035
49039
49041
49062
49069
49077
49081
49121
49204
49239
49257
49273
49275
49278
49280
49281
49311
49313
49314
49317
49334
49351
49355
49356
49357
49413
49416
49422
49427
49429
49447
49463
49468
49501
49502
49510
49514
49515
49516
49518
49523
49528
49530
49550
49555
49560
49588
49599
49610
49647
49673
49711
49723
49734
49737
49739
49761
49778
49785
49786
49789
49790
49792
49797
49813
49843
49845
49865
49869
49890
49909
49924
49943
49964
50015
50030
50037
50043
50059
50172
50177
50197
50198
50221
50253
50259
50301
50302
50303
50304
50305
50306
50307
50308
50318
50328
50329
50330
50331
50332
50333
50334
50335
50336
50338
50339
50340
50347
50350
50359
50360
50361
50362
50363
50364
50367
50368
50369
50380
50381
50391
50392
50393
50394
50395
50396
50397
50398
50402
50481
50526
50553
50580
50587
50614
50637
50640
50661
50704
50706
50799
50844
50850
50852
50936
50940
50947
50950
50980
50981
51017
51057
51059
51102
51107
51110
51330
51344
51349
51437
51502
51574
51591
51593
51602
51603
51655
51693
52004
52055
52099
52130
52131
52143
52149
52150
52204
52226
52230
52243
52244
52250
52319
52331
52343
52350
52357
52406
52407
52408
52409
52410
52497
52498
52499
52538
52575
52642
52648
52725
52733
52734
52736
52800
52805
52808
52809
63001
63006
63022
63024
63032
63065
63066
63099
63145
63150
63151
63153
63156
63157
63158
63160
63163
63164
63166
63167
63169
63171
63177
63178
63179
63180
63182
63188
63190
63195
63196
63197
63198
63199
63302
63338
63342
63346
63364
63371
63378
63442
63470
63632
63644
63646
63651
63661
63702
63705
63733
63737
63752
63753
63765
63772
63776
63779
63786
63838
63871
63875
63881
63931
63938
63947
63963
64013
64051
64069
64073
64087
64121
64141
64142
64144
64148
64160
64168
64170
64171
64172
64173
64179
64180
64183
64184
64185
64187
64188
64189
64190
64191
64192
64193
64194
64195
64196
64197
64198
64199
64435
64447
64452
64478
64502
64508
64621
64665
64677
64680
64687
64751
64760
64766
64777
64789
64802
64803
64853
64864
64869
64944
64999
65022
65031
65036
65038
65042
65055
65056
65102
65103
65104
65105
65106
65107
65108
65110
65111
65205
65211
65212
65217
65218
65299
65302
65402
65433
65532
65540
65546
65572
65573
65607
65615
65636
65645
65659
65673
65701
65758
65765
65776
65805
65808
65814
65817
65890
65898
65899
66019
66036
66051
66063
66077
66110
66113
66117
66119
66201
66222
66225
66250
66262
66276
66279
66282
66283
66285
66286
66420
66426
66433
66435
66450
66505
66545
66551
66555
66601
66620
66624
66625
66626
66628
66629
66634
66636
66637
66638
66642
66647
66652
66653
66658
66667
66675
66683
66686
66692
66699
66727
66759
66855
66931
67015
67032
67128
67201
67231
67233
67236
67251
67256
67257
67259
67275
67276
67277
67278
67402
67414
67429
67463
67465
67469
67472
67479
67488
67504
67517
67562
67569
67577
67582
67585
67630
67636
67641
67652
67670
67676
67755
67759
67856
67858
67874
67905
68009
68026
68035
68054
68101
68103
68109
68119
68120
68139
68145
68155
68172
68175
68176
68179
68180
68181
68197
68198
68374
68432
68501
68509
68511
68529
68542
68544
68572
68583
68602
68650
68702
68737
68738
68762
68772
68802
68819
68829
68848
68868
68880
68902
68951
68963
69031
69035
69103
69160
69190
69349
69363
53008
53009
53026
53052
53056
53060
53062
53064
53077
53082
53096
53101
53102
53109
53138
53141
53148
53152
53159
53171
53187
53194
53199
53201
53234
53237
53244
53259
53263
53267
53268
53270
53274
53277
53278
53280
53281
53284
53285
53288
53290
53293
53401
53407
53408
53490
53512
53535
53542
53547
53591
53595
53596
53701
53707
53708
53709
53710
53725
53744
53774
53777
53778
53779
53780
53782
53783
53784
53785
53786
53787
53788
53789
53790
53791
53793
53794
53824
53917
53921
53927
53945
53957
53958
54012
54131
54164
54176
54182
54203
54206
54221
54226
54231
54240
54305
54306
54308
54324
54344
54402
54404
54415
54419
54429
54432
54434
54439
54444
54445
54453
54472
54492
54528
54532
54543
54602
54617
54620
54640
54649
54662
54702
54735
54743
54744
54764
54774
54816
54818
54834
54851
54866
54890
54903
54906
54912
54919
54936
54951
54957
54969
54975
54976
54990
55002
55004
55010
55067
55078
55083
55133
55144
55145
55146
55161
55164
55165
55166
55168
55169
55170
55171
55172
55175
55177
55182
55187
55188
55189
55190
55191
55199
55323
55348
55361
55365
55377
55380
55383
55392
55393
55394
55399
55400
55440
55458
55459
55460
55467
55468
55470
55472
55473
55474
55478
55479
55480
55483
55484
55485
55486
55487
55488
55550
55551
55552
55553
55554
55555
55556
55557
55558
55559
55560
55561
55562
55563
55564
55565
55566
55567
55568
55569
55570
55571
55572
55573
55574
55575
55576
55577
55578
55579
55580
55581
55582
55583
55584
55585
55586
55587
55588
55589
55590
55591
55592
55593
55594
55595
55596
55597
55598
55599
55701
55727
55729
55730
55740
55745
55747
55754
55755
55761
55762
55773
55777
55778
55788
55789
55791
55799
55801
55815
55816
55937
55938
55942
55978
55986
55988
56002
56006
56053
56061
56064
56067
56070
56076
56077
56084
56092
56112
56124
56126
56133
56177
56179
56233
56238
56246
56247
56250
56254
56272
56286
56302
56317
56333
56341
56344
56346
56372
56380
56388
56393
56395
56396
56397
56398
56399
56430
56459
56460
56463
56478
56485
56502
56513
56538
56561
56619
56631
56632
56665
56674
56679
56682
56712
56740
57044
57056
57060
57074
57079
57101
57102
57109
57115
57116
57118
57186
57188
57189
57190
57191
57192
57193
57194
57195
57196
57198
57202
57229
57244
57253
57316
57326
57357
57399
57402
57462
57483
57526
57527
57542
57545
57557
57578
57628
57629
57643
57647
57653
57708
57709
57729
57736
57742
57757
57765
57774
57777
57778
57795
58003
58014
58039
58106
58107
58108
58109
58121
58122
58123
58124
58125
58126
58206
58207
58208
58213
58315
58319
58320
58328
58337
58342
58359
58360
58411
58412
58432
58450
58465
58471
58489
58502
58506
58507
58537
58551
58553
58602
58657
58738
58739
58747
58802
59004
59017
59051
59073
59080
59084
59103
59104
59107
59108
59111
59112
59114
59115
59116
59117
59245
59341
59348
59402
59403
59406
59445
59473
59604
59620
59624
59626
59641
59702
59707
59717
59719
59771
59772
59773
59806
59807
59835
59836
59852
59902
59903
59904
59921
80001
80006
80028
80034
80035
80036
80037
80038
80040
80041
80042
80044
80046
80047
80150
80151
80154
80155
80160
80161
80162
80163
80165
80166
80201
80208
80217
80225
80243
80244
80248
80250
80251
80252
80254
80255
80256
80257
80259
80261
80262
80263
80265
80270
80271
80273
80274
80275
80279
80280
80281
80285
80291
80292
80295
80299
80306
80307
80308
80309
80314
80321
80322
80323
80328
80329
80402
80429
80437
80441
80502
80522
80523
80527
80533
80539
80541
80548
80551
80553
80614
80632
80633
80638
80639
80806
80841
80866
80901
80912
80931
80932
80933
80934
80935
80936
80937
80940
80941
80942
80943
80944
80945
80946
80947
80949
80950
80960
80962
80970
80977
80995
80997
81002
81009
81010
81011
81012
81013
81014
81015
81026
81028
81032
81034
81042
81065
81066
81070
81074
81075
81102
81127
81134
81135
81150
81153
81157
81215
81246
81247
81249
81290
81302
81329
81333
81402
81414
81420
81421
81502
81602
81626
81628
81636
81658
83205
83206
83229
83230
83231
83256
83260
83280
83303
83326
83343
83403
83405
83415
83437
83441
83447
83531
83538
83551
83606
83620
83630
83635
83652
83653
83680
83701
83707
83708
83711
83715
83717
83719
83721
83722
83723
83724
83726
83727
83728
83729
83730
83731
83732
83733
83735
83744
83756
83757
83788
83799
83816
83853
83862
83865
83877
83888
84011
84012
84016
84030
84068
84079
84089
84090
84091
84110
84122
84125
84126
84127
84130
84131
84132
84133
84134
84135
84136
84137
84139
84140
84141
84142
84143
84144
84145
84147
84148
84151
84152
84153
84157
84158
84165
84170
84171
84184
84185
84189
84190
84193
84194
84195
84199
84201
84244
84323
84402
84407
84409
84412
84415
84510
84527
84603
84605
84650
84717
84771
84791
85001
85002
85005
85010
85011
85025
85030
85036
85038
85039
85046
85055
85060
85061
85062
85063
85064
85065
85066
85067
85068
85069
85070
85071
85072
85073
85074
85075
85076
85077
85078
85079
85080
85082
85097
85098
85099
85130
85179
85211
85214
85216
85217
85218
85219
85220
85221
85227
85235
85241
85244
85246
85247
85252
85261
85267
85269
85271
85274
85275
85277
85278
85280
85285
85287
85289
85290
85291
85299
85311
85312
85313
85318
85327
85358
85359
85366
85369
85372
85376
85380
85385
85502
85547
85548
85628
85636
85644
85652
85655
85662
85670
85671
85702
85703
85717
85720
85722
85725
85728
85731
85732
85733
85738
85740
85744
85751
85752
85754
85775
85777
86002
86302
86304
86312
86330
86339
86340
86341
86342
86402
86405
86412
86427
86430
86439
86446
86509
86549
87009
87057
87103
87115
87118
87119
87125
87131
87140
87153
87154
87158
87174
87176
87180
87181
87184
87185
87187
87190
87191
87192
87193
87194
87195
87196
87197
87198
87199
87201
87302
87502
87503
87504
87509
87545
87576
87592
87594
88006
88031
88036
88054
88058
88062
88102
88122
88123
88133
88202
88211
88213
88221
88241
88429
88433
88437
88441
60001
60006
60009
60011
60017
60019
60037
60038
60039
60049
60055
60063
60065
60078
60079
60080
60082
60086
60092
60094
60095
60105
60114
60116
60117
60121
60122
60125
60128
60132
60138
60147
60158
60159
60161
60168
60170
60179
60182
60186
60196
60197
60198
60199
60204
60209
60251
60290
60296
60297
60303
60351
60353
60398
60399
60412
60434
60454
60483
60499
60507
60522
60566
60567
60568
60570
60572
60598
60599
60627
60635
60648
60650
60658
60663
60664
60665
60666
60667
60668
60669
60670
60671
60672
60673
60674
60675
60677
60678
60680
60681
60682
60683
60684
60685
60686
60687
60688
60689
60690
60691
60693
60694
60695
60696
60697
60699
60701
60799
60902
60944
61017
61045
61058
61076
61105
61106
61110
61125
61126
61130
61131
61132
61204
61206
61266
61299
61518
61555
61558
61601
61612
61613
61628
61629
61630
61632
61633
61634
61635
61636
61637
61638
61639
61640
61641
61643
61644
61650
61651
61652
61653
61654
61655
61656
61702
61709
61710
61758
61790
61791
61799
61803
61824
61825
61826
61868
62071
62202
62222
62224
62247
62252
62259
62283
62306
62310
62318
62327
62328
62329
62332
62372
62415
62435
62511
62524
62525
62527
62552
62574
62651
62659
62660
62662
62676
62683
62686
62705
62708
62709
62713
62715
62716
62718
62719
62720
62721
62722
62723
62726
62736
62739
62746
62756
62757
62761
62762
62763
62764
62765
62766
62767
62769
62776
62777
62781
62786
62791
62794
62796
62805
62834
62840
62845
62847
62855
62857
62866
62909
62913
62929
62944
62955
62971
62973
62991
62993
70004
70009
70010
70011
70033
70042
70044
70046
70054
70055
70059
70060
70063
70064
70066
70069
70073
70078
70081
70093
70096
70097
70140
70141
70142
70143
70145
70146
70149
70150
70151
70152
70153
70154
70156
70157
70158
70159
70160
70161
70162
70164
70165
70166
70167
70170
70172
70174
70175
70176
70177
70178
70179
70181
70182
70183
70184
70185
70186
70187
70189
70190
70195
70302
70361
70371
70376
70381
70404
70421
70429
70434
70459
70467
70469
70470
70502
70504
70505
70509
70511
70521
70527
70540
70562
70569
70571
70593
70595
70596
70598
70602
70606
70612
70616
70642
70664
70704
70707
70716
70717
70718
70720
70727
70728
70738
70751
70765
70781
70784
70792
70804
70821
70822
70823
70826
70827
70831
70833
70835
70837
70873
70874
70879
70883
70884
70891
70892
70893
70894
70895
70896
70898
71014
71025
71036
71050
71058
71059
71080
71102
71113
71120
71130
71133
71134
71135
71136
71137
71138
71148
71149
71150
71151
71152
71153
71154
71156
71161
71162
71163
71164
71165
71166
71171
71172
71207
71208
71210
71211
71213
71217
71221
71239
71240
71249
71273
71281
71284
71294
71306
71307
71309
71315
71318
71324
71329
71344
71348
71361
71363
71365
71372
71412
71421
71431
71436
71440
71443
71444
71445
71448
71451
71458
71460
71471
71477
71481
71496
71611
71612
71613
71634
71649
71650
71656
71657
71731
71750
71754
71767
71768
71769
71802
71828
71840
71844
71902
71903
71910
71914
71920
71931
71932
71946
71951
71966
72009
72018
72033
72043
72071
72078
72089
72105
72115
72124
72145
72158
72159
72164
72189
72190
72198
72203
72208
72214
72215
72216
72217
72219
72221
72222
72224
72225
72231
72260
72295
72297
72303
72310
72312
72314
72316
72317
72319
72323
72336
72378
72381
72385
72397
72402
72403
72439
72451
72465
72474
72475
72503
72516
72525
72545
72557
72575
72602
72610
72612
72613
72618
72654
72657
72659
72702
72711
72716
72728
72733
72735
72737
72741
72757
72765
72766
72767
72770
72775
72811
72812
72820
72822
72844
72867
72902
72906
72913
72914
72917
72918
72919
72924
72957
73023
73035
73037
73039
73046
73076
73081
73083
73085
73087
73088
73091
73094
73100
73101
73113
73123
73124
73125
73126
73136
73137
73140
73143
73144
73146
73147
73148
73152
73153
73154
73155
73156
73157
73163
73164
73167
73172
73177
73178
73180
73184
73185
73189
73190
73193
73194
73195
73196
73197
73198
73199
73301
73344
73402
73403
73476
73502
73506
73522
73534
73536
73558
73561
73575
73648
73656
73702
73706
73723
73725
73802
73847
73849
74004
74005
74009
74013
74018
74031
74043
74067
74076
74101
74102
74121
74141
74147
74148
74149
74150
74152
74153
74155
74156
74157
74158
74159
74169
74170
74172
74182
74183
74184
74186
74187
74189
74192
74193
74194
74335
74345
74353
74355
74362
74402
74439
74440
74444
74461
74465
74466
74502
74526
74529
74542
74545
74548
74559
74602
74603
74702
74752
74802
74818
74821
74835
74862
74882
75008
75011
75014
75015
75016
75017
75026
75027
75029
75030
75037
75045
75046
75047
75049
75053
75083
75084
75085
75086
75091
75097
75099
75106
75118
75120
75121
75123
75138
75151
75168
75185
75187
75221
75222
75239
75242
75245
75250
75258
75260
75262
75263
75264
75265
75266
75267
75275
75277
75283
75284
75285
75286
75294
75295
75301
75303
75310
75312
75313
75315
75320
75323
75326
75334
75336
75339
75340
75342
75343
75344
75346
75350
75353
75354
75355
75356
75357
75358
75359
75360
75363
75364
75367
75368
75369
75370
75371
75372
75373
75374
75376
75378
75379
75380
75381
75382
75386
75387
75388
75389
75391
75392
75393
75394
75395
75396
75397
75398
75403
75404
75425
75443
75444
75456
75458
75461
75483
75485
75504
75505
75507
75599
75606
75607
75608
75615
75636
75637
75653
75660
75663
75666
75685
75688
75710
75712
75713
75772
75797
75798
75799
75802
75834
75880
75882
75902
75915
75947
75957
75958
75963
75990
76000
76003
76004
76007
76019
76068
76094
76095
76096
76097
76098
76099
76101
76113
76121
76122
76124
76130
76136
76147
76150
76161
76162
76163
76166
76178
76181
76185
76191
76192
76193
76195
76196
76197
76198
76199
76202
76204
76206
76246
76299
76303
76304
76307
76352
76359
76369
76383
76385
76456
76461
76465
76467
76468
76485
76503
76505
76517
76526
76533
76540
76547
76552
76555
76558
76564
76576
76625
76644
76675
76677
76684
76702
76703
76714
76715
76716
76795
76796
76797
76799
76803
76804
76855
76867
76883
76886
76889
76906
77001
77052
77097
77202
77203
77205
77206
77207
77208
77209
77210
77212
77213
77215
77216
77217
77218
77219
77220
77221
77222
77223
77224
77225
77226
77227
77228
77229
77230
77231
77233
77234
77235
77236
77237
77238
77240
77241
77242
77243
77244
77245
77246
77247
77248
77249
77250
77251
77252
77253
77254
77255
77256
77257
77258
77259
77260
77261
77262
77263
77265
77266
77267
77268
77269
77270
77271
77272
77273
77274
77275
77276
77277
77278
77279
77280
77281
77282
77284
77285
77286
77287
77288
77289
77290
77291
77292
77293
77294
77296
77297
77298
77299
77305
77315
77325
77332
77333
77337
77343
77344
77347
77348
77349
77353
77383
77387
77391
77393
77399
77402
77404
77410
77411
77413
77452
77462
77463
77487
77491
77492
77496
77497
77501
77508
77512
77516
77522
77542
77549
77552
77553
77572
77574
77588
77592
77626
77631
77639
77641
77643
77670
77704
77709
77710
77711
77720
77725
77726
77805
77806
77834
77838
77839
77841
77842
77844
77850
77862
77869
77870
77881
77902
77903
77967
77972
77985
77989
78042
78049
78053
78054
78115
78131
78135
78156
78206
78241
78246
78262
78265
78268
78269
78270
78275
78278
78279
78280
78283
78284
78285
78286
78287
78288
78289
78291
78292
78293
78294
78295
78296
78297
78298
78299
78333
78350
78364
78381
78403
78426
78427
78460
78461
78463
78465
78466
78467
78468
78469
78470
78471
78472
78473
78474
78475
78476
78477
78478
78480
78502
78505
78522
78523
78551
78553
78568
78603
78604
78627
78630
78646
78651
78667
78673
78680
78682
78683
78691
78708
78709
78710
78711
78713
78714
78715
78716
78718
78720
78755
78760
78761
78762
78763
78764
78765
78766
78767
78768
78769
78771
78772
78773
78774
78778
78779
78780
78781
78782
78783
78785
78786
78787
78788
78789
78798
78799
78835
78847
78853
78952
78960
78961
78964
79077
79114
79116
79117
79120
79123
79159
79160
79161
79163
79164
79165
79166
79167
79168
79170
79171
79172
79173
79174
79175
79176
79177
79178
79180
79181
79182
79184
79185
79186
79187
79188
79189
79221
79222
79224
79232
79238
79260
79320
79321
79338
79405
79408
79409
79430
79452
79453
79457
79464
79489
79490
79491
79493
79499
79516
79542
79550
79604
79608
79697
79698
79702
79704
79708
79709
79710
79711
79712
79740
79760
79767
79768
79779
79786
79850
79910
79913
79914
79917
79923
79926
79929
79931
79937
79940
79941
79943
79944
79945
79946
79947
79948
79949
79950
79951
79952
79953
79954
79955
79958
79960
79961
79966
79968
79973
79974
79975
79976
79977
79978
79980
79982
79983
79984
79985
79986
79987
79988
79989
79990
79991
79992
79993
79994
79995
79996
79997
79998
79999
88510
88511
88512
88513
88514
88515
88516
88517
88518
88519
88520
88521
88523
88524
88525
88526
88527
88528
88529
88530
88531
88532
88533
88534
88535
88536
88538
88539
88540
88541
88542
88543
88544
88545
88546
88547
88548
88549
88550
88553
88554
88555
88556
88557
88558
88559
88560
88561
88562
88563
88565
88566
88567
88568
88569
88570
88571
88572
88573
88574
88575
88576
88577
88578
88579
88580
88581
88582
88583
88584
88585
88586
88587
88588
88589
88590
88595
82002
82003
82006
82008
82010
82057
82071
82080
82220
82228
82427
82524
82602
82605
82615
82631
82713
82717
82724
82840
82902
82926
82931
83002
90009
90030
90050
90051
90053
90054
90055
90060
90070
90072
90074
90075
90076
90078
90080
90081
90082
90083
90084
90086
90087
90088
90091
90093
90096
90097
90099
90101
90102
90103
90174
90185
90189
90202
90209
90213
90223
90224
90231
90233
90239
90251
90261
90264
90267
90294
90295
90296
90306
90307
90308
90309
90310
90311
90312
90313
90397
90398
90406
90407
90408
90409
90410
90411
90507
90508
90509
90510
90607
90608
90609
90610
90612
90622
90624
90632
90633
90637
90651
90652
90659
90661
90662
90665
90671
90702
90707
90711
90714
90721
90733
90734
90748
90749
90801
90809
90832
90833
90834
90835
90842
90844
90845
90846
90847
90848
90853
90888
90895
90899
91002
91003
91009
91012
91017
91021
91023
91025
91031
91041
91043
91050
91051
91066
91077
91102
91109
91110
91114
91115
91116
91117
91118
91121
91122
91123
91124
91126
91127
91128
91129
91131
91175
91182
91184
91185
91186
91187
91188
91189
91191
91199
91209
91221
91222
91224
91225
91226
91305
91308
91309
91310
91312
91313
91319
91322
91327
91328
91329
91333
91334
91337
91341
91346
91353
91357
91358
91359
91363
91365
91370
91372
91375
91376
91380
91382
91383
91385
91386
91388
91392
91393
91394
91395
91396
91399
91404
91407
91408
91409
91410
91412
91413
91416
91426
91461
91462
91463
91470
91482
91494
91495
91496
91497
91499
91503
91507
91508
91510
91520
91521
91522
91523
91526
91603
91609
91610
91611
91612
91614
91615
91616
91617
91618
91714
91715
91716
91718
91719
91720
91729
91734
91735
91743
91747
91749
91756
91758
91760
91769
91771
91772
91778
91785
91788
91793
91795
91797
91798
91799
91802
91804
91841
91896
91899
91903
91908
91909
91912
91921
91933
91943
91944
91946
91947
91951
91976
91979
91987
91990
92013
92018
92022
92023
92030
92033
92038
92039
92046
92049
92051
92052
92068
92072
92074
92079
92085
92088
92090
92112
92133
92137
92138
92142
92143
92149
92150
92152
92153
92158
92159
92160
92162
92163
92164
92165
92166
92167
92168
92169
92170
92171
92172
92174
92175
92176
92177
92178
92180
92181
92184
92185
92186
92187
92188
92189
92190
92191
92192
92193
92194
92195
92196
92197
92198
92199
92202
92226
92232
92235
92244
92247
92248
92255
92261
92263
92272
92286
92292
92312
92318
92319
92323
92326
92329
92331
92334
92340
92351
92353
92357
92366
92375
92393
92402
92403
92406
92409
92412
92413
92414
92416
92418
92420
92423
92424
92427
92502
92513
92514
92515
92516
92517
92519
92522
92531
92546
92552
92554
92556
92564
92572
92581
92589
92593
92599
92601
92605
92607
92609
92613
92615
92616
92619
92621
92622
92623
92628
92631
92632
92633
92634
92635
92640
92641
92642
92643
92644
92645
92650
92652
92654
92658
92659
92664
92665
92666
92667
92668
92669
92670
92674
92680
92681
92684
92685
92686
92687
92690
92693
92698
92702
92709
92710
92711
92712
92713
92714
92715
92716
92717
92718
92725
92728
92730
92735
92781
92799
92803
92809
92811
92812
92814
92815
92816
92817
92822
92825
92834
92836
92837
92838
92842
92846
92850
92856
92857
92859
92862
92863
92864
92871
92877
92878
92885
92899
93002
93005
93006
93007
93009
93011
93014
93016
93020
93024
93031
93032
93034
93044
93061
93062
93093
93094
93097
93099
93102
93107
93116
93118
93120
93121
93130
93140
93150
93160
93190
93199
93214
93216
93217
93231
93232
93275
93278
93279
93282
93290
93302
93303
93380
93381
93382
93383
93384
93385
93386
93387
93388
93389
93390
93399
93403
93406
93412
93421
93423
93431
93435
93438
93443
93447
93448
93456
93457
93464
93475
93483
93502
93504
93515
93539
93542
93556
93570
93582
93584
93586
93590
93596
93599
93607
93613
93629
93639
93642
93649
93661
93707
93708
93709
93712
93714
93715
93716
93717
93718
93724
93729
93744
93745
93747
93750
93755
93759
93760
93761
93762
93764
93765
93771
93772
93773
93774
93775
93776
93777
93778
93779
93780
93782
93784
93786
93790
93791
93792
93793
93794
93844
93888
93902
93911
93912
93915
93922
93941
93942
94003
94011
94012
94013
94016
94017
94023
94026
94029
94031
94035
94039
94042
94045
94059
94064
94067
94071
94083
94088
94090
94091
94096
94098
94099
94101
94106
94119
94120
94125
94126
94135
94136
94137
94138
94139
94140
94141
94142
94143
94144
94145
94146
94147
94150
94151
94152
94153
94154
94155
94156
94157
94159
94160
94161
94162
94163
94164
94165
94166
94167
94168
94169
94170
94171
94172
94175
94177
94199
94203
94204
94205
94206
94207
94208
94209
94211
94229
94230
94232
94234
94235
94236
94237
94239
94240
94243
94244
94245
94246
94247
94248
94249
94250
94252
94253
94254
94256
94257
94258
94259
94261
94262
94263
94267
94268
94269
94271
94273
94274
94277
94278
94279
94280
94282
94283
94284
94285
94286
94287
94288
94289
94290
94291
94293
94294
94295
94296
94297
94298
94299
94302
94307
94308
94309
94310
94405
94407
94408
94409
94497
94522
94524
94527
94529
94537
94540
94543
94557
94570
94581
94604
94614
94615
94616
94617
94620
94622
94623
94624
94625
94626
94627
94643
94649
94650
94659
94660
94661
94662
94666
94701
94712
94802
94807
94808
94820
94875
94911
94912
94913
94914
94915
94926
94927
94942
94948
94953
94955
94966
94974
94975
94976
94977
94978
94979
94998
94999
95001
95009
95011
95015
95021
95024
95026
95031
95036
95038
95042
95044
95052
95055
95056
95061
95063
95067
95071
95077
95101
95102
95103
95106
95108
95109
95114
95115
95137
95141
95142
95150
95151
95152
95153
95154
95155
95156
95157
95158
95159
95160
95161
95164
95170
95172
95173
95190
95191
95192
95193
95194
95196
95199
95201
95208
95213
95229
95241
95250
95267
95269
95290
95296
95297
95298
95314
95342
95343
95344
95347
95352
95353
95373
95378
95381
95384
95390
95397
95402
95406
95408
95416
95418
95424
95433
95473
95481
95487
95502
95518
95532
95534
95609
95611
95617
95622
95643
95644
95654
95656
95696
95712
95741
95743
95759
95763
95798
95799
95812
95813
95836
95840
95851
95852
95853
95857
95860
95865
95866
95867
95873
95887
95894
95899
95924
95927
95931
95940
95967
95976
95980
95992
96045
96053
96070
96079
96089
96095
96099
96127
96151
96152
96153
96154
96156
96157
96158
96160
96162
96709
96715
96718
96721
96733
96739
96745
96767
96775
96784
96788
96801
96802
96803
96804
96805
96806
96807
96808
96809
96810
96811
96812
96823
96824
96827
96828
96830
96835
96836
96837
96838
96839
96840
96841
96842
96843
96844
96845
96846
96847
96849
96854
96861
96862
96898
97010
97036
97044
97075
97076
97077
97143
97207
97228
97238
97240
97242
97251
97253
97254
97255
97256
97259
97268
97269
97271
97272
97280
97281
97282
97283
97286
97290
97291
97292
97293
97294
97296
97298
97299
97307
97308
97309
97311
97312
97313
97314
97339
97359
97372
97407
97409
97425
97427
97428
97440
97460
97464
97468
97472
97475
97482
97491
97528
97533
97602
97708
97740
97821
97831
97861
97872
98009
98013
98015
98035
98041
98046
98054
98060
98061
98062
98063
98064
98071
98073
98082
98083
98089
98093
98111
98113
98114
98124
98127
98129
98130
98131
98132
98138
98139
98140
98141
98145
98150
98151
98160
98161
98165
98170
98171
98175
98181
98184
98185
98190
98191
98194
98205
98206
98213
98227
98228
98231
98246
98259
98287
98291
98293
98322
98324
98334
98343
98344
98348
98352
98378
98384
98386
98393
98395
98397
98398
98401
98411
98412
98413
98415
98417
98419
98431
98434
98442
98448
98450
98455
98460
98464
98471
98477
98481
98490
98492
98493
98494
98496
98497
98504
98507
98508
98509
98511
98522
98540
98554
98561
98599
98622
98637
98666
98667
98668
98687
98807
98904
98907
98909
98920
98929
99015
99028
99104
99107
99127
99165
99209
99210
99211
99213
99214
99215
99219
99220
99228
99252
99254
99255
99256
99260
99299
99302
99327
99332
99509
99511
99512
99514
99520
99521
99522
99523
99524
99529
99545
99584
99599
99619
99629
99687
99697
99708
99710
99711
99716
99731
99779
99802
99803
99811
99812
99821
99928
99950