00601
00602
00603
00604
00605
00606
00610
00611
00612
00613
00614
00616
00617
00622
00623
00624
00627
00631
00636
00637
00638
00641
00646
00647
00650
00652
00653
00656
00659
00660
00662
00664
00667
00669
00670
00674
00676
00677
00678
00680
00681
00682
00683
00685
00687
00688
00690
00692
00693
00694
00698
00703
00704
00705
00707
00714
00715
00716
00717
00718
00719
00720
00721
00723
00725
00726
00727
00728
00729
00730
00731
00732
00733
00734
00735
00736
00737
00738
00739
00740
00741
00742
00744
00745
00751
00754
00757
00765
00766
00767
00769
00771
00772
00773
00775
00777
00778
00780
00782
00783
00784
00785
00786
00791
00792
00794
00795
00801
00802
00803
00804
00805
00820
00821
00822
00823
00824
00830
00831
00840
00841
00850
00851
00901
00902
00906
00907
00908
00909
00910
00911
00912
00913
00914
00915
00916
00917
00918
00919
00920
00921
00922
00923
00924
00925
00926
00927
00928
00929
00930
00931
00933
00934
00935
00936
00937
00939
00940
00949
00950
00951
00952
00953
00954
00955
00956
00957
00958
00959
00960
00961
00962
00963
00965
00966
00968
00969
00970
00971
00975
00976
00977
00978
00979
00981
00982
00983
00984
00985
00986
00987
00988
88901
88902
88903
88904
88905
89001
89002
89003
89004
89005
89006
89007
89008
89009
89010
89011
89012
89013
89014
89015
89016
89017
89018
89019
89020
89021
89022
89023
89024
89025
89026
89027
89028
89029
89030
89031
89032
89033
89034
89036
89037
89039
89040
89041
89042
89043
89044
89045
89046
89047
89048
89049
89052
89053
89054
89060
89061
89067
89070
89074
89077
89081
89084
89085
89086
89087
89095
89101
89102
89103
89104
89105
89106
89107
89108
89109
89110
89111
89112
89113
89114
89115
89116
89117
89118
89119
89120
89121
89122
89123
89124
89125
89126
89127
89128
89129
89130
89131
89132
89133
89134
89135
89136
89137
89138
89139
89140
89141
89142
89143
89144
89145
89146
89147
89148
89149
89150
89151
89152
89153
89154
89155
89156
89157
89158
89159
89160
89161
89162
89163
89164
89165
89166
89169
89170
89173
89177
89178
89179
89180
89183
89185
89191
89193
89195
89199
89301
89310
89311
89314
89315
89316
89317
89318
89319
89402
89403
89404
89405
89406
89407
89408
89409
89410
89411
89412
89413
89414
89415
89416
89418
89419
89420
89421
89422
89423
89424
89425
89426
89427
89428
89429
89430
89431
89432
89433
89434
89435
89436
89438
89439
89440
89441
89442
89444
89445
89446
89447
89448
89449
89450
89451
89452
89460
89494
89496
89501
89502
89503
89504
89505
89506
89507
89508
89509
89510
89511
89512
89513
89515
89519
89520
89521
89523
89533
89550
89555
89557
89564
89570
89595
89599
89701
89702
89703
89704
89705
89706
89710
89711
89712
89713
89714
89721
89801
89802
89803
89815
89820
89821
89822
89823
89824
89825
89826
89828
89830
89831
89832
89833
89834
89835
89883